54633620
54704385
67993512
72004042
84397715
95093629
99031886
138468420
145852193
161278157
186671889
188882270
190623545
192418655
203197661
204938763
220392987
223131624
226479987
230303911
238270402
252882740
254784999
258119084
260755663
266873587
268046733
279511929
287722149
290351741
291115690
292978352
294614931
297377081
305544740
308470255
309197418
311901352
314099226
319898181
329757469
332789191
338374331
341598437
343556634
345238872
355384161
356134141
361919608
364828762
378569270
389205141
394105662
395265881
396955121
406354687
413391998
414801468
417487141
418732176
423560830
432901361
433892411
436166773
438129970
441438799
442486568
444722048
448143834
448902481
449107304
451525818
451680547
454428994
463545975
474523554
482346976
486699099
488425853
490350599
492292149
495114967
495263576
498841750
498858816
505849132
508217256
511928669
513099669
513150881
513804303
523178386
524802352
524838834
529032060
533286346
536157123
543960022
544267886
544533463
545790828
550322361
554915560
559310352
561467297
561558628
562998997
565544858
566244149
567214567
569088712
570145941
574330008
574944079
575658178
576039868
586699396
587205225
587503823
588525870
592373926
593011989
595078194
596454326
600717335
601910231
606404086
609383535
612453199
615753666
618972506
622141895
622590155
623702864
624797816
625923617
626275283
627267029
627336147
630437411
631008446
631305005
633866152
634045082
637145309
638432112
642358396
642872116
644034982
645272045
646637446
647160294
649635417
650379824
650509501
651770278
654760115
658080769
658288490
660086073
660517694
661379657
663220284
664074125
670951248
674580697
680398327
680462045
685533208
686082229
686343427
686365150
689150133
690662751
692074727
693303095
694584156
694970720
695738756
696618748
698280268
698561852
700284323
702480742
703389876
703726562
708888699
710589050
711804176
712075738
712706677
713165767
713179885
713262852
715297053
715466241
717356082
717367094
717802481
718313348
718471065
718752603
718964225
720779315
721948291
727477918
729218026
729904675
730091660
732425549
732662074
733896409
734576255
734691952
735447483
735501786
735964009
736948821
738019696
738411815
740160989
740225259
740717546
745909083
746343027
746522023
747605462
752294505
753150576
755415502
755710280
755732186
756931066
758934089
759261635
761122446
762485527
762628691
763080644
766670857
767178405
771222258
771586136
772108145
778317629
778616371
780875794
785550601
789146033
792745409
792890402
794311028
794440976
795334709
796409131
797438072
797496847
800401385
800620319
801568292
802978116
803808596
804277533
805749110
806118294
808731799
809727491
811091007
811238848
811464860
812636068
815065351
815114775
817277325
818699746
819981988
820315186
820903813
821559271
825930765
825941919
828147747
828255352
828938467
829099489
830877936
832102111
832937371
832983847
832984686
835122205
835231514
835591388
835706005
835987329
840023855
840972980
842603089
843009450
843212869
843451125
844438249
844616300
845554935
845755076
846114858
846550119
847010788
848641456
848659425
848740395
849036436
852375145
853964846
854241519
855881128
857020890
857519540
857749854
858060570
859464363
860619566
864798038
865253798
867626941
868906026
870990549
872912278
875489336
875587704
876315563
878286116
880403669
883258754
885591914
885650103
886457285
887108671
888155755
888808066
888908230
894133261
895733397
895817428
899054976
900592608
901302400
901427868
901962758
902944053
905660526
906233685
906609792
906789896
910115274
910540950
912225431
912376969
912541300
913791270
914287429
914913472
915794640
916448188
918029609
919366425
922092959
924409808
925948502
926092381
927266710
928267736
928278508
928336196
928450244
928653394
933845563
934049499
934514769
934984085
935037062
935445153
938400896
938573928
940533083
941174711
941264549
944322507
945335561
945971760
948114568
948407700
949728103
950390777
953291255
955988843
956666613
957670407
960262390
961419664
962859480
963344804
963729459
963963803
964686511
965090318
966132909
967106656
967645108
968769149
970114857
970744008
971368120
971402693
972207999
972521512
973222048
974037439
974555664
974685827
975309384
975443852
975989666
977830815
979718261
984773013
985063669
986931395
990043512
990754847
991832108
992876651
994963256
995294604
995528017
995985722
996101979
996843702
996891253
998768298
999504715
999879236
999934996
1001125689
1003639765
1003664069
1004687001
1005806572
1006288292
1006986009
1007336447
1008928790
1010245374
1010394986
1010667472
1011652430
1012310391
1012973114
1014180318
1014423676
1014583663
1014920245
1016302429
1017581401
1017707203
1018198939
1020961791
1020967110
1021215017
1021582566
1021772531
1021858593
1025298453
1026133327
1026148840
1026570827
1028948602
1029921037
1030509339
1030959864
1031154914
1031987667
1033164535
1036812607
1037550709
1037596767
1037797756
1039062462
1039612972
1040020592
1045253008
1045789783
1045875051
1047760806
1048241066
1050147381
1051275071
1055231880
1055391244
1055828340
1055880531
1059307758
1059405385
1059590262
1060429191
1060656318
1061717613
1063173517
1063930121
1064002811
1064406231
1064422991
1065779352
1065869696
1067233296
1069081855
1071046192
1071401705
1071822268
1072307657
1072627594
1074152248
1076195969
1076793895
1077481769
1078457524
1079134316
1079432742
1080698566
1080962656
1082361233
1084319716
1085486600
1085700168
1086984806
1088277300
1088667579
1088725749
1089263674
1091377517
1091758622
1092464128
1092593570
1093015690
1093169848
1093919219
1095425014
1095763389
1098912863
1099523149
1101412100
1104044408
1104716538
1105917352
1107676316
1109466968
1109559122
1109604556
1110141343
1110926014
1114925837
1115734025
1116627542
1116786968
1120093679
1124590281
1125552318
1126587633
1128247244
1130693554
1131185936
1135488927
1135755495
1138492648
1140366830
1141491667
1141749055
1143819354
1144939946
1145964853
1146286974
1147213384
1147399843
1147665563
1149214401
1150928953
1152746056
1153327472
1153636427
1154097682
1154754221
1155785604
1156330239
1157465840
1157738924
1158455415
1158793878
1159256708
1161966441
1162863615
1163392166
1164046216
1164683201
1164892615
1166674444
1166681387
1166718309
1167588188
1168727692
1169038405
1169832380
1170347551
1171470086
1172092368
1173678707
1175209832
1176092971
1177666669
1178311052
1178835071
1180312259
1181735982
1182662743
1183306733
1183587868
1184155245
1186944015
1187292717
1189474637
1191030916
1191047792
1191333364
1192499085
1193399532
1196718418
1197486941
1198712606
1202404588
1205015441
1205538374
1205622349
1206065862
1207370125
1208069467
1209444661
1209866757
1211469324
1211605606
1211791477
1212164851
1212584617
1214899202
1214942805
1217859179
1218574191
1220024727
1222673671
1222745598
1223954237
1224118021
1224607797
1225157280
1226756791
1227727575
1229138564
1229903563
1230096389
1230120699
1230287826
1231876532
1233427913
1233574164
1235048100
1235229559
1237657271
1237929908
1238753860
1238844694
1239594341
1240170892
1240703007
1241074465
1241136307
1242897875
1243567785
1245425241
1245678232
1245926318
1245989104
1246182153
1248838886
1249429954
1249634562
1249727528
1250827429
1250950157
1251673069
1251812702
1252315683
1252986194
1255448463
1255674077
1255726757
1256035672
1256969734
1257334814
1257846302
1258379311
1259845393
1260232850
1261738161
1262133405
1262555167
1262953219
1264429981
1265112299
1265189491
1266598992
1268599020
1269999041
1270797987
1271745808
1273620990
1274482555
1274672024
1276861055
1277367264
1277479172
1277762901
1279656093
1282486159
1282752825
1284806325
1285005039
1285366035
1285683857
1286294581
1286829846
1287917967
1289491703
1289898352
1290363141
1290542415
1290742721
1291204811
1292182078
1292416746
1293944580
1294502555
1295782875
1295802195
1296502831
1298201838
1298206480
1298460479
1299498580
1301442517
1301787390
1302454272
1305074672
1305997455
1307220190
1308074301
1308857922
1309017950
1309316788
1309457317
1310477560
1310991483
1311904800
1312881581
1313245523
1314033483
1314831896
1314849305
1316619069
1316628823
1316990168
1317230424
1318046942
1318543915
1318856529
1319620807
1320410148
1320766133
1320978426
1321024839
1321674292
1321993879
1323862694
1324561963
1324793225
1328909811
1329632357
1331183377
1331374492
1331597112
1332150546
1332258802
1334765613
1336056442
1336079536
1336208730
1338536613
1339542576
1344245318
1345406743
1346456748
1346937125
1347477778
1347634619
1348338966
1348797045
1348958830
1349404559
1351266695
1352543058
1354630535
1355719467
1356219854
1356566810
1356584663
1358948083
1359998656
1361260909
1362980491
1363179826
1363425016
1363662030
1364778836
1365346410
1366496270
1367172660
1367984839
1368549852
1369549472
1370461562
1370496931
1372248955
1372254855
1372699174
1372996967
1373161526
1373637610
1374552004
1375653884
1376298650
1376751639
1377655075
1377710022
1377795244
1378482225
1379196170
1379204194
1379658733
1380897395
1383193377
1383528145
1384373440
1384465846
1385016036
1385831211
1387494837
1388558651
1389144634
1389775131
1390413194
1391066944
1392370693
1392729116
1392981535
1393447364
1393534758
1393813540
1394184196
1396276176
1396838719
1397249149
1398370796
1398432840
1398970070
1399914728
1400517939
1402280124
1403088840
1403745088
1403891931
1404578724
1406324422
1406792905
1409819786
1410400516
1410664959
1410696249
1410749056
1412677094
1412885159
1413543165
1413642729
1415504887
1416316171
1416675624
1416943985
1417521931
1418574328
1419568998
1419844088
1424761594
1426811383
1427530821
1427697608
1429540580
1430435540
1431261895
1433283361
1433614819
1433646664
1434288057
1434738186
1434890676
1434953890
1435221747
1435473812
1435877153
1437197749
1438668061
1440372226
1441799203
1441947474
1443880612
1443900180
1445037882
1446224883
1446719027
1447195034
1448674645
1449499445
1450612805
1451015386
1453055859
1454001817
1455401560
1455471654
1456093943
1458680803
1459539885
1460947967
1461359968
1461517281
1462021267
1462295707
1462692874
1463221780
1463542723
1464088710
1464427539
1466367479
1466401505
1467846959
1468165872
1469485036
1470195315
1471646627
1472263353
1475844439
1476629469
1476742250
1477156302
1477435721
1477644195
1478407630
1478500404
1479603810
1479620548
1482035286
1482049801
1483622942
1484974782
1485115437
1485216520
1487940007
1487979410
1491207796
1492355875
1494857570
1494886731
1494959683
1496660631
1496923431
1497009311
1497101903
1499045517
1499171894
1501900385
1503156861
1510966691
1513456785
1515176277
1517929201
1519363445
1519818539
1522257699
1522552695
1532040321
1533742399
1535403262
1536769649
1538485624
1543651349
1545527651
1546465405
1548902759
1551319661
1553133952
1553863099
1553972442
1556634232
1558257826
1559319502
1559511013
1559556082
1561096838
1562409750
1566132710
1567503006
1570219895
1572597451
1572857329
1574639738
1576191032
1579045524
1581051326
1582227545
1582623745
1582935330
1583934512
1584266962
1587380956
1587945517
1589821837
1590369779
1591300104
1595082236
1599382214
1600889006
1601107537
1601177531
1603722955
1604290339
1604569151
1604889898
1605824435
1605856782
1608164464
1609476188
1611593138
1611706703
1611764547
1613377553
1614097212
1616568378
1616953603
1618260772
1620769613
1621875043
1623812855
1624066455
1625001988
1625863669
1626821118
1627525065
1631631529
1634507330
1634870384
1635090957
1636431231
1637538610
1638550308
1638577919
1638844937
1638886036
1639400074
1640219043
1640443726
1640552025
1640602611
1640910964
1646325356
1647178765
1648162776
1650032411
1650477918
1651689137
1653201987
1653584806
1653770351
1653923016
1654562123
1654718536
1654779660
1654940140
1655601415
1656925098
1657376246
1658352746
1658811236
1660017253
1660557025
1661805831
1661826432
1663481088
1664605530
1665822796
1666483279
1666553575
1666656096
1667385135
1667964877
1668143308
1669363607
1669474231
1670870604
1671855985
1674136752
1676249905
1676709520
1676889383
1678211884
1681878241
1682868211
1683687350
1684225414
1689457966
1690172447
1690724928
1691656991
1693891368
1693986775
1694491218
1696272073
1696566725
1697129079
1697158710
1697214427
1697972471
1698180793
1698645371
1698899591
1699187015
1701432036
1702021302
1703668677
1704524948
1704953235
1705199734
1705435499
1706776746
1706803829
1707952825
1709718989
1709944750
1710189669
1712060279
1712129287
1712437851
1712452631
1713119716
1713261338
1713990496
1714592530
1715429109
1715964078
1716327793
1716764123
1718378622
1719389900
1720400710
1720461112
1722167076
1722778471
1722793352
1722989344
1724146023
1724551763
1724910412
1725481901
1728148303
1730048986
1730431546
1730619652
1731292273
1732070803
1732142640
1733744735
1733986823
1734606177
1735528050
1738250885
1740943677
1742082084
1742976381
1743626804
1744646834
1746782987
1748292738
1749045442
1749383949
1749659892
1749773670
1751308605
1751962081
1752341816
1752804238
1753335801
1753597390
1755191382
1756517269
1758337067
1758872025
1759663904
1760644091
1764997109
1767137245
1767427744
1768309132
1768700235
1768866522
1768907868
1772182367
1772429966
1773024545
1775684348
1776701639
1777736357
1780650151
1781022688
1782621634
1782825561
1783158571
1784167487
1784292922
1786250495
1787163826
1787781517
1788666382
1789140119
1790531273
1792178300
1792367109
1795212788
1798440051
1798720502
1799707547
1801291708
1801630722
1801645325
1804005317
1804850834
1805200689
1805720176
1808391216
1809122474
1810990401
1811348331
1811693124
1812622141
1813612943
1814037824
1814243794
1815065624
1816198144
1818002928
1819635206
1820056759
1820124590
1820430174
1820937099
1821791199
1822056375
1823299317
1824072630
1824205993
1826574793
1827584036
1828938554
1829420570
1830632490
1831717508
1832159056
1832376457
1832894960
1833069670
1833774453
1837733146
1838621977
1838694380
1838714107
1840555191
1841330936
1841584133
1842347039
1842583182
1842936258
1843046631
1843287964
1843625916
1844253975
1844365382
1845434413
1847202774
1847778459
1849105990
1850260327
1850676358
1850832170
1851265941
1851844240
1853760295
1855403727
1858581205
1859387972
1859540591
1860723536
1861081495
1863826655
1865485885
1866095789
1866388656
1866487952
1866613212
1867170805
1867513692
1869840772
1870211217
1870355394
1871569855
1871808586
1873337816
1873426600
1873954905
1874066270
1874633119
1874906393
1874969753
1875791434
1876723551
1877394774
1879807825
1879914671
1880181501
1880448691
1881355413
1881808955
1881890409
1882111611
1882153495
1882731119
1883117355
1883274089
1883500118
1883753773
1884028835
1885184155
1887117728
1887595974
1889093552
1890982986
1891997096
1893107493
1894429002
1895238724
1895916326
1896526508
1896660684
1896938113
1897169369
1898207158
1900329955
1900529682
1902614627
1905121978
1906444629
1907452124
1907536616
1910023153
1911361182
1912265314
1912314028
1914450683
1914839084
1916684203
1917898263
1919376143
1919497778
1920019419
1924564127
1925281807
1929090112
1929469706
1930215554
1931284385
1931710768
1932779688
1933380793
1937916817
1937949862
1945184342
1948971498
1956952058
1957475994
1961028176
1963791382
1965449178
1965643358
1966258587
1969001841
1973670689
1974178246
1978546948
1983804599
1992368862
1992728731
1994391551
1997116602
1997247315
1999946469
1999975801
2026270553
2028990359